-0.0000134
 0.0259134
-0.0034644
-0.0082908
 0.0027706
 0.0567086
 0.1625939
 0.3012308
 0.4083489
 0.1023188
 0.5409439
 0.8667163
 1.3595624
 0.4767766
-0.2738741
-0.5531428
-0.3591304
-0.3114419
 0.2506449
-0.1557536
-0.5901485
-0.5735046
-0.3454185
-0.4443400
-0.4168340
-0.2978690
-0.1412131
-0.0607464
-0.1781325
 0.0239158
-0.2687342
-0.2399860
-0.0230834
 0.0301006
 0.0220438
-0.0005458
-0.0007062
-0.0023529
 0.0277968
 0.0467256
 0.0339395
 0.0220465
 0.0222732
 0.0259312
 0.0270396
 0.0309633
 0.0290173
 0.0276679
 0.0277747
 0.0283756
 0.0280951
 0.0279472
 0.0280368
 0.0275594
 0.0273604
 0.0272442
 0.0270278
 0.0267689
 0.0265524
 0.0263677
 0.0261455
 0.0259449
 0.0257259
 0.0255164
 0.0253067
 0.0251031
 0.0248884
 0.0246783
 0.0244698
 0.0242606
 0.0240539
 0.0238471
 0.0236403
 0.0234324
 0.0232270
 0.0230219
 0.0228174
 0.0226133
 0.0224096
 0.0222064
 0.0220039
 0.0218020
 0.0216006
 0.0213997
 0.0211994
 0.0209996
 0.0208004
 0.0206018
 0.0204037
 0.0202061
 0.0200091
 0.0198126
 0.0196167
 0.0194214
 0.0192266
 0.0190323
 0.0188386
 0.0186455
 0.0184529
 0.0182608
 0.0180693
 0.0178784
 0.0176880
 0.0174981
 0.0173088
 0.0171200
 0.0169318
 0.0167442
 0.0165571
 0.0163705
 0.0161845
 0.0159991
 0.0158141
 0.0156298
 0.0154460
 0.0152627
 0.0150800
 0.0148978
 0.0147162
 0.0145351
 0.0143546
 0.0141746
 0.0139952
 0.0138163
 0.0136380
 0.0134602
 0.0132829
 0.0131062
 0.0129301
 0.0127545
 0.0125794
 0.0124049
 0.0122309
 0.0120575
 0.0118846
 0.0117123
 0.0115405
 0.0113693
 0.0111986
 0.0110285
 0.0108589
 0.0106898
 0.0105213
 0.0103533
 0.0101859
 0.0100190
 0.0098527
 0.0096869
 0.0095216
 0.0093569
 0.0091928
 0.0090292
 0.0088661
 0.0087036
 0.0085416
 0.0083801
 0.0082192
 0.0080589
 0.0078991
 0.0077398
 0.0075811
 0.0074229
 0.0072652
 0.0071081
 0.0069516
 0.0067955
 0.0066401
 0.0064851
 0.0063307
 0.0061769
 0.0060236
 0.0058708
 0.0057185
 0.0055668
 0.0054157
 0.0052651
 0.0051150
 0.0049655
 0.0048165
 0.0046680
 0.0045201
 0.0043727
 0.0042259
 0.0040796
 0.0039338
 0.0037886
 0.0036439
 0.0034998
 0.0033562
 0.0032131
 0.0030706
 0.0029286
 0.0027871
 0.0026462
 0.0025058
 0.0023660
 0.0022267
 0.0020879
 0.0019497
 0.0018120
 0.0016748
 0.0015382
 0.0014021
 0.0012665
 0.0011315
 0.0009970
 0.0008631
 0.0007297
 0.0005968
 0.0004644
 0.0003326
 0.0002014
 0.0000706
-0.0000596
-0.0001893
-0.0003184
-0.0004470
-0.0005751
-0.0007026
-0.0008296
-0.0009561
-0.0010820
-0.0012074
-0.0013323
-0.0014567
-0.0015805
-0.0017038
-0.0018265
-0.0019487
-0.0020704
-0.0021916
-0.0023122
-0.0024323
-0.0025518
-0.0026709
-0.0027894
-0.0029073
-0.0030248
-0.0031417
-0.0032581
-0.0033739
-0.0034892
-0.0036040
-0.0037183
-0.0038320
-0.0039452
-0.0040579
-0.0041701
-0.0042817
-0.0043928
-0.0045034
-0.0046134
-0.0047229
-0.0048319
-0.0049403
-0.0050483
-0.0051557
-0.0052626
-0.0053689
-0.0054747
-0.0055800
-0.0056848
-0.0057891
-0.0058928
-0.0059960
-0.0060987
-0.0062008
-0.0063025
-0.0064036
-0.0065041
-0.0066042
-0.0067037
-0.0068027
-0.0069012
-0.0069992
-0.0070966
-0.0071935
-0.0072899
-0.0073858
-0.0074811
-0.0075760
-0.0076703
-0.0077640
-0.0078573
-0.0079501
-0.0080423
-0.0081340
-0.0082252
-0.0083158
-0.0084059
-0.0084956
-0.0085847
-0.0086732
-0.0087613
-0.0088488
-0.0089359
-0.0090224
-0.0091084
-0.0091938
-0.0092788
-0.0093632
-0.0094471
-0.0095305
-0.0096134
-0.0096958
-0.0097776
-0.0098589
-0.0099397
-0.0100200
-0.0100998
-0.0101791
-0.0102578
-0.0103361
-0.0104138
-0.0104910
-0.0105677
-0.0106438
-0.0107195
-0.0107946
-0.0108693
-0.0109434
-0.0110170
-0.0110901
-0.0111627
-0.0112347
-0.0113063
-0.0113773
-0.0114478
-0.0115179
-0.0115874
-0.0116564
-0.0117248
-0.0117928
-0.0118603
-0.0119272
-0.0119937
-0.0120596
-0.0121250
-0.0121899
-0.0122543
-0.0123182
-0.0123816
-0.0124445
-0.0125068
-0.0125687
-0.0126300
-0.0126909
-0.0127512
-0.0128110
-0.0128704
-0.0129292
-0.0129875
-0.0130453
-0.0131026
-0.0131593
-0.0132156
-0.0132714
-0.0133267
-0.0133814
-0.0134357
-0.0134894
-0.0135427
-0.0135954
-0.0136477
-0.0136994
-0.0137507
-0.0138014
-0.0138516
-0.0139013
-0.0139506
-0.0139993
-0.0140475
-0.0140952
-0.0141424
-0.0141892
-0.0142354
-0.0142811
-0.0143263
-0.0143710
-0.0144152
-0.0144589
-0.0145021
-0.0145449
-0.0145871
-0.0146288
-0.0146700
-0.0147107
-0.0147509
-0.0147907
-0.0148299
-0.0148686
-0.0149068
-0.0149446
-0.0149818
-0.0150185
-0.0150548
-0.0150905
-0.0151258
-0.0151605
-0.0151948
-0.0152286
-0.0152618
-0.0152946
-0.0153269
-0.0153587
-0.0153900
-0.0154208
-0.0154511
-0.0154809
-0.0155102
-0.0155391
-0.0155674
-0.0155953
-0.0156226
-0.0156495
-0.0156759
-0.0157017
-0.0157271
-0.0157520
-0.0157764
-0.0158004
-0.0158238
-0.0158467
-0.0158692
-0.0158912
-0.0159126
-0.0159336
-0.0159541
-0.0159741
-0.0159937
-0.0160127
-0.0160313
-0.0160493
-0.0160669
-0.0160840
-0.0161006
-0.0161167
-0.0161324
-0.0161475
-0.0161622
-0.0161764
-0.0161901
-0.0162033
-0.0162160
-0.0162283
-0.0162400
-0.0162513
-0.0162621
-0.0162724
-0.0162823
-0.0162916
-0.0163005
-0.0163089
-0.0163168
-0.0163242
-0.0163312
-0.0163377
-0.0163436
-0.0163492
-0.0163542
-0.0163587
-0.0163628
-0.0163664
-0.0163695
-0.0163722
-0.0163743
-0.0163760
-0.0163772
-0.0163780
-0.0163782
-0.0163780
-0.0163773
-0.0163761
-0.0163745
-0.0163724
-0.0163698
-0.0163667
-0.0163631
-0.0163591
-0.0163546
-0.0163497
-0.0163442
-0.0163383
-0.0163319
-0.0163251
-0.0163178
-0.0163100
-0.0163017
-0.0162930
-0.0162837
-0.0162741
-0.0162639
-0.0162533
-0.0162422
-0.0162306
-0.0162186
-0.0162061
-0.0161932
-0.0161797
-0.0161658
-0.0161515
-0.0161366
-0.0161213
-0.0161056
-0.0160893
-0.0160726
-0.0160555
-0.0160378
-0.0160197
-0.0160012
-0.0159821
-0.0159627
-0.0159427
-0.0159223
-0.0159014
-0.0158801
-0.0158583
-0.0158360
-0.0158133
-0.0157901
-0.0157664
-0.0157423
-0.0157178
-0.0156927
-0.0156672
-0.0156413
-0.0156149
-0.0155880
-0.0155607
-0.0155329
-0.0155046
-0.0154759
-0.0154468
-0.0154172
-0.0153871
-0.0153566
-0.0153256
-0.0152941
-0.0152622
-0.0152299
-0.0151971
-0.0151638
-0.0151301
-0.0150959
-0.0150613
-0.0150262
-0.0149907
-0.0149547
-0.0149182
-0.0148814
-0.0148440
-0.0148062
-0.0147680
-0.0147293
-0.0146901
-0.0146505
-0.0146105
-0.0145700
-0.0145291
-0.0144877
-0.0144458
-0.0144035
-0.0143608
-0.0143176
-0.0142740
-0.0142299
-0.0141854
-0.0141404
-0.0140950
-0.0140491
-0.0140028
-0.0139560
-0.0139088
-0.0138612
-0.0138131
-0.0137646
-0.0137156
-0.0136662
-0.0136163
-0.0135660
-0.0135153
-0.0134641
-0.0134125
-0.0133604
-0.0133079
-0.0132549
-0.0132015
-0.0131477
-0.0130934
-0.0130387
-0.0129836
-0.0129280
-0.0128720
-0.0128155
-0.0127586
-0.0127013
-0.0126435
-0.0125853
-0.0125267
-0.0124676
-0.0124081
-0.0123481
-0.0122877
-0.0122269
-0.0121657
-0.0121040
-0.0120419
-0.0119793
-0.0119163
-0.0118529
-0.0117891
-0.0117248
-0.0116601
-0.0115949
-0.0115294
-0.0114634
-0.0113969
-0.0113301
-0.0112628
-0.0111951
-0.0111269
-0.0110583
-0.0109893
-0.0109199
-0.0108500
-0.0107798
-0.0107090
-0.0106379
-0.0105664
-0.0104944
-0.0104220
-0.0103491
-0.0102759
-0.0102022
-0.0101281
-0.0100535
-0.0099786
-0.0099032
-0.0098274
-0.0097512
-0.0096746
-0.0095975
-0.0095200
-0.0094421
-0.0093638
-0.0092851
-0.0092059
-0.0091263
-0.0090463
-0.0089659
-0.0088851
-0.0088038
-0.0087222
-0.0086401
-0.0085576
-0.0084747
-0.0083914
-0.0083076
-0.0082235
-0.0081389
-0.0080539
-0.0079685
-0.0078827
-0.0077964
-0.0077098
-0.0076228
-0.0075353
-0.0074474
-0.0073591
-0.0072704
-0.0071813
-0.0070918
-0.0070019
-0.0069116
-0.0068208
-0.0067297
-0.0066381
-0.0065461
-0.0064538
-0.0063610
-0.0062678
-0.0061742
-0.0060802
-0.0059858
-0.0058910
-0.0057958
-0.0057001
-0.0056041
-0.0055077
-0.0054108
-0.0053136
-0.0052160
-0.0051179
-0.0050195
-0.0049207
-0.0048214
-0.0047218
-0.0046217
-0.0045213
-0.0044205
-0.0043192
-0.0042176
-0.0041155
-0.0040131
-0.0039103
-0.0038070
-0.0037034
-0.0035994
-0.0034950
-0.0033902
-0.0032849
-0.0031793
-0.0030733
-0.0029670
-0.0028602
-0.0027530
-0.0026454
-0.0025375
-0.0024291
-0.0023204
-0.0022112
-0.0021017
-0.0019918
-0.0018815
-0.0017708
-0.0016597
-0.0015482
-0.0014363
-0.0013241
-0.0012114
-0.0010984
-0.0009850
-0.0008712
-0.0007570
-0.0006424
-0.0005275
-0.0004121
-0.0002964
-0.0001803
-0.0000638
 0.0000531
 0.0001704
 0.0002880
 0.0004061
 0.0005245
 0.0006433
 0.0007624
 0.0008820
 0.0010019
 0.0011222
 0.0012429
 0.0013640
 0.0014854
 0.0016073
 0.0017295
 0.0018521
 0.0019750
 0.0020984
 0.0022221
 0.0023462
 0.0024706
 0.0025955
 0.0027207
 0.0028463
 0.0029722
 0.0030986
 0.0032253
 0.0033523
 0.0034798
 0.0036076
 0.0037358
 0.0038644
 0.0039933
 0.0041226
 0.0042523
 0.0043823
 0.0045128
 0.0046435
 0.0047747
 0.0049062
 0.0050381
 0.0051703
 0.0053030
 0.0054359
 0.0055693
 0.0057030
 0.0058371
 0.0059715
 0.0061063
 0.0062415
 0.0063770
 0.0065129
 0.0066492
 0.0067858
 0.0069228
 0.0070601
 0.0071978
 0.0073359
 0.0074743
 0.0076131
 0.0077522
 0.0078917
 0.0080316
 0.0081718
 0.0083124
 0.0084533
 0.0085946
 0.0087362
 0.0088782
 0.0090206
 0.0091633
 0.0093064
 0.0094498
 0.0095935
 0.0097377
 0.0098821
 0.0100270
 0.0101721
 0.0103177
 0.0104635
 0.0106098
 0.0107563
 0.0109033
 0.0110505
 0.0111982
 0.0113461
 0.0114945
 0.0116431
 0.0117922
 0.0119415
 0.0120912
 0.0122413
 0.0123917
 0.0125424
 0.0126935
 0.0128449
 0.0129967
 0.0131488
 0.0133013
 0.0134541
 0.0136073
 0.0137607
 0.0139146
 0.0140687
 0.0142233
 0.0143781
 0.0145333
 0.0146888
 0.0148447
 0.0150009
 0.0151574
 0.0153143
 0.0154715
 0.0156291
 0.0157870
 0.0159452
 0.0161037
 0.0162626
 0.0164218
 0.0165814
 0.0167413
 0.0169015
 0.0170621
 0.0172230
 0.0173842
 0.0175457
 0.0177076
 0.0178698
 0.0180324
 0.0181952
 0.0183584
 0.0185220
 0.0186858
 0.0188500
 0.0190145
 0.0191793
 0.0193445
 0.0195100
 0.0196758
 0.0198419
 0.0200084
 0.0201752
 0.0203423
 0.0205097
 0.0206775
 0.0208455
 0.0210139
 0.0211827
 0.0213517
 0.0215211
 0.0216907
 0.0218607
 0.0220311
 0.0222017
 0.0223726
 0.0225439
 0.0227155
 0.0228874
 0.0230596
 0.0232322
 0.0234050
 0.0235782
 0.0237517
 0.0239255
 0.0240996
 0.0242740
 0.0244487
 0.0246238
 0.0247991
 0.0249748
 0.0251508
 0.0253271
 0.0255037
 0.0256806
 0.0258578
 0.0260353
 0.0262132
 0.0263913
 0.0265697
 0.0267485
 0.0269276
 0.0271069
 0.0272866
 0.0274666
 0.0276469
 0.0278275
 0.0280084
 0.0281895
 0.0283710
 0.0285528
 0.0287349
 0.0289173
 0.0291000
 0.0292830
 0.0294663
 0.0296499
 0.0298338
 0.0300180
 0.0302025
 0.0303873
 0.0305724
 0.0307578
 0.0309435
 0.0311295
 0.0313158
 0.0315023
 0.0316892
 0.0318764
 0.0320638
 0.0322515
 0.0324396
 0.0326279
 0.0328165
 0.0330054
 0.0331946
 0.0333841
 0.0335739
 0.0337640
 0.0339543
 0.0341450
 0.0343359
 0.0345272
 0.0347187
 0.0349105
 0.0351025
 0.0352949
 0.0354876
 0.0356805
 0.0358737
 0.0360672
 0.0362610
 0.0364551
 0.0366494
 0.0368441
 0.0370390
 0.0372342
 0.0374297
 0.0376254
 0.0378214
 0.0380178
 0.0382144
 0.0384112
 0.0386084
 0.0388058
 0.0390035
 0.0392015
 0.0393997
 0.0395983
 0.0397971
 0.0399961
 0.0401955
 0.0403951
 0.0405950
 0.0407952
 0.0409956
 0.0411963
 0.0413973
 0.0388312
 0.3972224
 0.4052573
 0.3600213
 0.3574117
 1.1459923
 1.3718300
 1.7535303
 2.3101241
 2.3972443
 3.2395912
 3.1915886
 3.8128849
 4.1023093
 3.9004501
 4.0660600
 3.9554176
 4.0962602
 3.9425494
 3.8606830
 4.4397514
 4.0142101
 3.9108560
 4.0838844
 4.2371842
 4.1557169
 4.2684247
 4.4092985
 3.9317254
 3.6339839
 3.5713664
 3.7117750
 3.8545378
 3.9249083
 3.9528734
 3.9657600
 3.9859252
 3.9973512
 3.9991111
 3.9981770
 3.9934955
 3.9920107
 3.9925128
 3.9918800
 3.9913889
 3.9911391
 3.9910438
 3.9911390
 3.9912391
 3.9911907
 3.9911483
 3.9911150
 3.9910883
 3.9910816
 3.9910648
 3.9910533
 3.9910400
 3.9910303
 3.9910247
 3.9910249
 3.9910270
 3.9910267
 3.9910265
 3.9910266
 3.9910274
 3.9910288
 3.9910296
 3.9910304
 3.9910312
 3.9910323
 3.9910334
 3.9910346
 3.9910357
 3.9910369
 3.9910381
 3.9910394
 3.9910406
 3.9910420
 3.9910433
 3.9910447
 3.9910461
 3.9910475
 3.9910490
 3.9910505
 3.9910520
 3.9910536
 3.9910551
 3.9910567
 3.9910584
 3.9910601
 3.9910618
 3.9910635
 3.9910653
 3.9910671
 3.9910689
 3.9910707
 3.9910726
 3.9910745
 3.9910765
 3.9910785
 3.9910805
 3.9910825
 3.9910846
 3.9910867
 3.9910888
 3.9910910
 3.9910931
 3.9910954
 3.9910976
 3.9910999
 3.9911022
 3.9911046
 3.9911069
 3.9911093
 3.9911118
 3.9911142
 3.9911167
 3.9911193
 3.9911218
 3.9911244
 3.9911270
 3.9911297
 3.9911324
 3.9911351
 3.9911378
 3.9911406
 3.9911434
 3.9911463
 3.9911491
 3.9911520
 3.9911550
 3.9911579
 3.9911609
 3.9911640
 3.9911670
 3.9911701
 3.9911732
 3.9911764
 3.9911796
 3.9911828
 3.9911861
 3.9911893
 3.9911926
 3.9911960
 3.9911994
 3.9912028
 3.9912062
 3.9912097
 3.9912132
 3.9912167
 3.9912203
 3.9912239
 3.9912275
 3.9912312
 3.9912349
 3.9912386
 3.9912424
 3.9912461
 3.9912500
 3.9912538
 3.9912577
 3.9912616
 3.9912656
 3.9912696
 3.9912736
 3.9912776
 3.9912817
 3.9912858
 3.9912899
 3.9912941
 3.9912983
 3.9913026
 3.9913068
 3.9913111
 3.9913155
 3.9913199
 3.9913243
 3.9913287
 3.9913332
 3.9913377
 3.9913422
 3.9913467
 3.9913513
 3.9913560
 3.9913606
 3.9913653
 3.9913701
 3.9913748
 3.9913796
 3.9913844
 3.9913893
 3.9913942
 3.9913991
 3.9914040
 3.9914090
 3.9914140
 3.9914191
 3.9914242
 3.9914293
 3.9914344
 3.9914396
 3.9914448
 3.9914501
 3.9914554
 3.9914607
 3.9914660
 3.9914714
 3.9914768
 3.9914823
 3.9914877
 3.9914933
 3.9914988
 3.9915044
 3.9915100
 3.9915156
 3.9915213
 3.9915270
 3.9915327
 3.9915385
 3.9915443
 3.9915502
 3.9915560
 3.9915619
 3.9915679
 3.9915738
 3.9915798
 3.9915859
 3.9915919
 3.9915980
 3.9916042
 3.9916103
 3.9916165
 3.9916228
 3.9916290
 3.9916353
 3.9916417
 3.9916480
 3.9916544
 3.9916609
 3.9916673
 3.9916738
 3.9916804
 3.9916869
 3.9916935
 3.9917002
 3.9917068
 3.9917135
 3.9917202
 3.9917270
 3.9917338
 3.9917406
 3.9917475
 3.9917544
 3.9917613
 3.9917683
 3.9917753
 3.9917823
 3.9917893
 3.9917964
 3.9918036
 3.9918107
 3.9918179
 3.9918251
 3.9918324
 3.9918397
 3.9918470
 3.9918543
 3.9918617
 3.9918692
 3.9918766
 3.9918841
 3.9918916
 3.9918992
 3.9919068
 3.9919144
 3.9919220
 3.9919297
 3.9919374
 3.9919452
 3.9919530
 3.9919608
 3.9919686
 3.9919765
 3.9919844
 3.9919924
 3.9920004
 3.9920084
 3.9920164
 3.9920245
 3.9920326
 3.9920408
 3.9920489
 3.9920572
 3.9920654
 3.9920737
 3.9920820
 3.9920903
 3.9920987
 3.9921071
 3.9921156
 3.9921240
 3.9921325
 3.9921411
 3.9921496
 3.9921582
 3.9921669
 3.9921756
 3.9921843
 3.9921930
 3.9922018
 3.9922106
 3.9922194
 3.9922283
 3.9922372
 3.9922461
 3.9922551
 3.9922641
 3.9922731
 3.9922822
 3.9922912
 3.9923004
 3.9923095
 3.9923187
 3.9923280
 3.9923372
 3.9923465
 3.9923558
 3.9923652
 3.9923746
 3.9923840
 3.9923934
 3.9924029
 3.9924124
 3.9924220
 3.9924316
 3.9924412
 3.9924508
 3.9924605
 3.9924702
 3.9924800
 3.9924897
 3.9924995
 3.9925094
 3.9925193
 3.9925292
 3.9925391
 3.9925491
 3.9925591
 3.9925691
 3.9925792
 3.9925893
 3.9925994
 3.9926095
 3.9926197
 3.9926300
 3.9926402
 3.9926505
 3.9926608
 3.9926712
 3.9926816
 3.9926920
 3.9927024
 3.9927129
 3.9927234
 3.9927340
 3.9927445
 3.9927551
 3.9927658
 3.9927764
 3.9927871
 3.9927979
 3.9928086
 3.9928194
 3.9928303
 3.9928411
 3.9928520
 3.9928629
 3.9928739
 3.9928849
 3.9928959
 3.9929069
 3.9929180
 3.9929291
 3.9929402
 3.9929514
 3.9929626
 3.9929738
 3.9929851
 3.9929964
 3.9930077
 3.9930191
 3.9930305
 3.9930419
 3.9930533
 3.9930648
 3.9930763
 3.9930879
 3.9930995
 3.9931111
 3.9931227
 3.9931344
 3.9931461
 3.9931578
 3.9931695
 3.9931813
 3.9931931
 3.9932050
 3.9932169
 3.9932288
 3.9932407
 3.9932527
 3.9932647
 3.9932767
 3.9932888
 3.9933009
 3.9933130
 3.9933252
 3.9933373
 3.9933495
 3.9933618
 3.9933741
 3.9933864
 3.9933987
 3.9934111
 3.9934235
 3.9934359
 3.9934483
 3.9934608
 3.9934733
 3.9934859
 3.9934984
 3.9935110
 3.9935237
 3.9935363
 3.9935490
 3.9935617
 3.9935745
 3.9935873
 3.9936001
 3.9936129
 3.9936258
 3.9936387
 3.9936516
 3.9936645
 3.9936775
 3.9936905
 3.9937036
 3.9937166
 3.9937297
 3.9937428
 3.9937560
 3.9937692
 3.9937824
 3.9937956
 3.9938089
 3.9938222
 3.9938355
 3.9938489
 3.9938623
 3.9938757
 3.9938891
 3.9939026
 3.9939161
 3.9939296
 3.9939432
 3.9939568
 3.9939704
 3.9939840
 3.9939977
 3.9940114
 3.9940251
 3.9940388
 3.9940526
 3.9940664
 3.9940803
 3.9940941
 3.9941080
 3.9941219
 3.9941359
 3.9941498
 3.9941638
 3.9941779
 3.9941919
 3.9942060
 3.9942201
 3.9942342
 3.9942484
 3.9942626
 3.9942768
 3.9942911
 3.9943053
 3.9943196
 3.9943339
 3.9943483
 3.9943627
 3.9943771
 3.9943915
 3.9944060
 3.9944205
 3.9944350
 3.9944495
 3.9944641
 3.9944787
 3.9944933
 3.9945079
 3.9945226
 3.9945373
 3.9945520
 3.9945667
 3.9945815
 3.9945963
 3.9946111
 3.9946260
 3.9946409
 3.9946558
 3.9946707
 3.9946856
 3.9947006
 3.9947156
 3.9947307
 3.9947457
 3.9947608
 3.9947759
 3.9947910
 3.9948062
 3.9948214
 3.9948366
 3.9948518
 3.9948671
 3.9948823
 3.9948976
 3.9949130
 3.9949283
 3.9949437
 3.9949591
 3.9949745
 3.9949900
 3.9950054
 3.9950209
 3.9950365
 3.9950520
 3.9950676
 3.9950832
 3.9950988
 3.9951145
 3.9951301
 3.9951458
 3.9951615
 3.9951773
 3.9951930
 3.9952088
 3.9952246
 3.9952405
 3.9952563
 3.9952722
 3.9952881
 3.9953040
 3.9953200
 3.9953359
 3.9953519
 3.9953679
 3.9953840
 3.9954000
 3.9954161
 3.9954322
 3.9954484
 3.9954645
 3.9954807
 3.9954969
 3.9955131
 3.9955293
 3.9955456
 3.9955619
 3.9955782
 3.9955945
 3.9956109
 3.9956273
 3.9956437
 3.9956601
 3.9956765
 3.9956930
 3.9957094
 3.9957259
 3.9957425
 3.9957590
 3.9957756
 3.9957922
 3.9958088
 3.9958254
 3.9958420
 3.9958587
 3.9958754
 3.9958921
 3.9959089
 3.9959256
 3.9959424
 3.9959592
 3.9959760
 3.9959928
 3.9960097
 3.9960265
 3.9960434
 3.9960603
 3.9960773
 3.9960942
 3.9961112
 3.9961282
 3.9961452
 3.9961622
 3.9961793
 3.9961964
 3.9962134
 3.9962305
 3.9962477
 3.9962648
 3.9962820
 3.9962992
 3.9963164
 3.9963336
 3.9963508
 3.9963681
 3.9963854
 3.9964027
 3.9964200
 3.9964373
 3.9964546
 3.9964720
 3.9964894
 3.9965068
 3.9965242
 3.9965417
 3.9965591
 3.9965766
 3.9965941
 3.9966116
 3.9966291
 3.9966467
 3.9966642
 3.9966818
 3.9966994
 3.9967170
 3.9967346
 3.9967523
 3.9967699
 3.9967876
 3.9968053
 3.9968230
 3.9968407
 3.9968585
 3.9968762
 3.9968940
 3.9969118
 3.9969296
 3.9969474
 3.9969653
 3.9969831
 3.9970010
 3.9970189
 3.9970368
 3.9970547
 3.9970726
 3.9970905
 3.9971085
 3.9971265
 3.9971445
 3.9971625
 3.9971805
 3.9971985
 3.9972166
 3.9972346
 3.9972527
 3.9972708
 3.9972889
 3.9973070
 3.9973252
 3.9973433
 3.9973615
 3.9973796
 3.9973978
 3.9974160
 3.9974342
 3.9974525
 3.9974707
 3.9974890
 3.9975072
 3.9975255
 3.9975438
 3.9975621
 3.9975804
 3.9975988
 3.9976171
 3.9976355
 3.9976538
 3.9976722
 3.9976906
 3.9977090
 3.9977274
 3.9977459
 3.9977643
 3.9977827
 3.9978012
 3.9978197
 3.9978382
 3.9978567
 3.9978752
 3.9978937
 3.9979122
 3.9979308
 3.9979493
 3.9979679
 3.9979865
 3.9980050
 3.9980236
 3.9980422
 3.9980609
 3.9980795
 3.9980981
 3.9981168
 3.9981354
 3.9981541
 3.9981728
 3.9981914
 3.9982101
 3.9982288
 3.9982475
 3.9982663
 3.9982850
 3.9983037
 3.9983225
 3.9983412
 3.9983600
 3.9983788
 3.9983976
 3.9984163
 3.9984351
 3.9984540
 3.9984728
 3.9984916
 3.9985104
 3.9985293
 3.9985481
 3.9985670
 3.9985858
 3.9986047
 3.9986236
 3.9986424
 3.9986613
 3.9986802
 3.9986991
 3.9987180
 3.9987370
 3.9987559
 3.9987748
 3.9987937
 3.9988127
 3.9988316
 3.9988506
 3.9988695
 3.9988885
 3.9989075
 3.9989265
 3.9989454
 3.9989644
 3.9989834
 3.9990024
 3.9990214
 3.9990404
 3.9990594
 3.9990785
 3.9990975
 3.9991165
 3.9991355
 3.9991546
 3.9991736
 3.9991927
 3.9992117
 3.9992307
 3.9992498
 3.9992689
 3.9992879
 3.9993070
 3.9993261
 3.9993451
 3.9993642
 3.9993833
 3.9994024
 3.9994214
 3.9994405
 3.9994596
 3.9994787
 3.9994978
 3.9995169
 3.9995360
 3.9995551
 3.9995742
 3.9995933
 3.9996124
 3.9996315
 3.9996506
 3.9996697
 3.9996888
 3.9997079
 3.9997270
 3.9997462
 3.9997653
 3.9997844
 3.9998035
 3.9998226
 3.9998417
 3.9998608
 3.9998800
 3.9998991
 3.9999182
 3.9999373
 3.9999564
 3.9999755
 3.9999946
 4.0000138
 4.0000329
 4.0000520
 4.0000711
 4.0000902
 4.0001093
 4.0001284
 4.0001475
 4.0001666
 4.0001857
 4.0002048
 4.0002239
 4.0002430
 4.0002621
 4.0002812
 4.0003003
 4.0003194
 4.0003384
 4.0003575
 4.0003766
 4.0003957
 4.0004147
 4.0004338
 4.0004529
 4.0004719
 4.0004910
 4.0005100
 4.0005291
 4.0005481
 4.0005672
 4.0005862
 4.0006052
 4.0006242
 4.0006433
 4.0006623
 4.0006813
 4.0007003
 4.0007193
 4.0007383
 4.0007573
 4.0007763
 4.0007953
 4.0008142
 4.0008332
 4.0008522
 4.0008711
 4.0008901
 4.0009090
 4.0009279
 4.0009469
 4.0009658
 4.0009847
 4.0010036
 4.0010225
 4.0010414
 4.0010603
 4.0010792
 4.0010981
 4.0011169
 4.0011358
 4.0011546
 4.0011735
 4.0011923
 4.0012111
 4.0012299
 4.0012487
 4.0012675
 4.0012863
 4.0013051
 4.0013239
 4.0013426
 4.0013614
 4.0013801
 4.0013989
 4.0014176
 4.0014363
 4.0014550
 4.0014737
 4.0014924
 4.0015111
 4.0015297
 4.0015484
 4.0015670
 4.0015856
 4.0016043
 4.0016229
 4.0016415
 4.0016600
 4.0016786
 4.0016972
 4.0017157
 4.0017343
 4.0017528
 4.0017713
 4.0017898
 4.0018083
 4.0018268
 4.0018452
 4.0018637
 4.0018821
 4.0019006
 4.0019190
 4.0019374
 4.0019557
 4.0019741
 4.0019925
 4.0020108
 4.0020291
 4.0020475
 4.0020658
 4.0020840
 4.0021023
 4.0021206
 4.0021388
 4.0021570
 4.0021752
 4.0021934
 4.0022116
 4.0022298
 4.0022479
 4.0022661
 4.0022842
 4.0023023
 4.0023204
 4.0023384
 4.0023565
 4.0023745
 4.0023926
 4.0024106
 4.0024285
 4.0024465
 4.0024645
 4.0024824
 4.0025003
 4.0025182
 4.0025361
 4.0025539
 4.0025718
 4.0025896
 4.0026074
 4.0026252
 4.0026430
 4.0026607
 4.0026785
 4.0026962
 4.0027139
 4.0027316
 4.0027492
 4.0027668
 4.0027845
 4.0028021
 4.0028196
 4.0028372
 4.0028547
 4.0028722
 4.0028897
 4.0029072
 4.0029247
 4.0029421
 4.0029595
 4.0029769
 4.0029943
 4.0030116
 4.0030289
 4.0030462
 4.0030635
 4.0030808
 4.0030980
 4.0031152
 4.0031324
 4.0031496
 4.0031667
 4.0031839
 4.0032010
 4.0032181
 4.0032351
 4.0032521
 4.0032691
 4.0032861
 4.0033031
 4.0033200
 4.0033369
 4.0033538
 4.0033707
 4.0033875
 4.0034043
 4.0034211
 4.0034379
 4.0034546
 4.0034713
 4.0034880
 4.0035047
 4.0035213
 4.0035379
 4.0035545
 4.0035711
 4.0035876
 4.0036041
 4.0036206
 4.0036370
 4.0036534
 4.0036698
 4.0036862
 4.0037025
 4.0037189
 4.0037351
 4.0037514
 4.0037676
 4.0037838
 4.0038000
 4.0038162
 4.0038323
 4.0038484
 4.0038644
 4.0038805
 4.0038965
 4.0039124
 4.0039284
 4.0039443
 4.0039602
 4.0039760
 4.0039918
 4.0040076
 4.0040234
 4.0040391
 4.0040548
 4.0040705
 4.0040861
 4.0041018
 4.0041173
 4.0041329
 4.0041484
 4.0041639
 4.0041793
 4.0041947
 4.0042101
 4.0042255
 4.0042408
 4.0042561
 4.0042714
 4.0042866
 4.0043018
 4.0043169
 4.0043321
 4.0043472
 4.0043622
 4.0043772
 4.0043922
 4.0044072
 4.0044221
 4.0044370
 4.0044518
 4.0044667
 4.0044815
 4.0044962
 4.0045109
 4.0045256
 4.0045402
 4.0045548
 4.0045694
 4.0045840
 4.0045985
 4.0046129
 4.0046273
 4.0046417
 4.0046561
 4.0046704
 4.0046847
 4.0046989
 4.0047131
 4.0047273
 4.0047414
 4.0047555
 4.0047696
 4.0047836
 4.0047976
 4.0048115
 4.0048254
 4.0048393
 4.0048531
 4.0048669
 4.0048807
 4.0048944
 4.0049081
 4.0049217
 4.0049353
 4.0049488
 4.0049623
 4.0049758
 4.0049892
 4.0050026
 4.0050160
 4.0050293
 4.0050426
 4.0050558
 4.0050690
 4.0050821
 4.0050952
 4.0051083
 4.0051213
 4.0051343
 4.0051472
 4.0051601
 4.0051730
 4.0051858
 4.0051985
 4.0052113
 4.0052239
 4.0052366
 4.0052492
 4.0052617
 4.0052742
 4.0052867
 4.0052991
 4.0053115
 4.0053238
 4.0053361
 4.0053483
 4.0053605
 4.0053727
 4.0053848
 4.0053969
 4.0054089
 4.0054208
 4.0054328
 4.0054447
 4.0054565
 4.0054683
 4.0054800
 4.0054917
 4.0055034
 4.0055150
 4.0055265
 4.0055380
 4.0055495
 4.0055609
 4.0055722
 4.0055836
 4.0055948
 4.0056061
 4.0056172
 4.0056284
 4.0056394
 4.0056505
 4.0056614
 4.0056724
 4.0056832
 4.0056941
 4.0057049
 4.0057156
 4.0057263
 4.0057369
 4.0057475
 4.0057580
 4.0057685
 4.0057789
 4.0057893
 4.0057996
 4.0058099
 4.0058201
 4.0058303
 4.0058404
 4.0058505
 4.0058605
 4.0058705
 4.0058804
 4.0058903
 4.0059001
 4.0059098
 4.0059195
 4.0059292
 4.0059388
 4.0059483
 4.0059578
 4.0059673
 4.0059767
 4.0059860
 4.0059953
 4.0060045
 4.0060137
 4.0060228
 4.0060318
 4.0060408
 4.0060498
 4.0060587
 4.0060675
 4.0060763
 4.0060850
 4.0060937
 4.0061023
 4.0061109
 4.0061194
 4.0061278
 4.0061362
 4.0061446
 4.0061528
 4.0061611
 4.0061692
 4.0061773
 4.0061854
 4.0061934
 4.0062013
 4.0062092
 4.0062170
 4.0062247
 4.0062324
 4.0062401
 4.0062476
 4.0062552
 4.0062626
 4.0062700
 4.0062774
 4.0062847
 4.0062919
 4.0062990
 4.0063062
 4.0063132
 4.0063202
 4.0063271
 4.0063340
 4.0063408
 4.0063475
 4.0063542
 4.0063608
 4.0063673
 4.0063738
 4.0063803
 4.0063866
 4.0063929
 4.0063992
 4.0064054
 4.0064115
 4.0064175
 4.0064235
 4.0064295
 4.0064353
 4.0064411
 4.0064469
 4.0064525
 4.0064582
 4.0064637
 4.0064692
 4.0064746
 4.0064799
 4.0064852
 4.0064905
 4.0064956
 4.0065007
 4.0065057
 4.0065107
 4.0065156
 4.0065204
 4.0065252
 4.0065299
 4.0065345
 4.0065391
 4.0065436
 4.0065480
 4.0065524
 4.0065566
 4.0065609
 4.0065650
 4.0065691
 4.0065731
 4.0065771
 4.0065810
 4.0065848
 4.0065886
 4.0065922
 4.0065959
 4.0065994
 4.0066029
 4.0066063
 4.0066096
 4.0066129
 4.0066161
 4.0066192
 4.0066222
 4.0066252
 4.0066281
 4.0066310
 4.0066338
 4.0066365
 4.0066391
 4.0066416
 4.0066441
 4.0066465
 4.0066489
 4.0066512
 4.0066534
 4.0066555
 4.0066575
 4.0066595
 4.0066614
 4.0066633
 4.0066650
 4.0066667
 4.0066683
 4.0066699
 4.0066713
 4.0066727
 4.0066740
 4.0066753
 4.0066765
 4.0066775
 4.0066786
 4.0066795
 4.0066804
 4.0066812
 4.0066819
 4.0066825
 4.0066831
 4.0066836
 4.0066840
 4.0066844
 4.0066846
 4.0066848
 4.0066849
 4.0066849
 4.0066849
 4.0066848
 4.0066846
 4.0066843
 4.0066839
 4.0066835
 4.0066830
 4.0066824
 4.0066817
 4.0066810
 4.0066802
 4.0066793
 4.0066783
 4.0066772
 4.0066761
 4.0066749
 4.0066736
 4.0066722
 4.0066707
 4.0066692
 4.0066675
 4.0066658
 4.0066641
 4.0066622
 4.0066603
 4.0066582
 4.0066561
 4.0066539
 4.0066517
 4.0066493
 4.0066469
 4.0066444
 4.0066418
 4.0066391
 4.0066363
 4.0066335
 4.0066305
 4.0066275
 4.0066244
 4.0066212
 4.0066180
 4.0066146
 4.0066112
 4.0066077
 4.0066041
 4.0066004
 4.0065966
 4.0065928
 4.0065888
 4.0065848
 4.0065807
 4.0065765
 4.0065722
 4.0065678
 4.0065634
 4.0065589
 4.0065542
 4.0065495
 4.0065447
 4.0065398
 4.0065349
 4.0065298
 4.0065247
 4.0065194
 4.0065141
 4.0065087
 4.0065032
 4.0064976
 4.0064919
 4.0064862
 4.0064803
 4.0064744
 4.0064684
 4.0064623
 4.0064560
 4.0064498
 4.0064434
 4.0064369
 4.0064303
 4.0064237
 4.0064169
 4.0064101
 4.0064032
 4.0063962
 4.0063890
 4.0063819
 4.0063746
 4.0063672
 4.0063597
 4.0063522
 4.0063445
 4.0063368
 4.0063289
 4.0063210
 4.0063130
 4.0063048
 4.0062966
 4.0062883
 4.0062799
 4.0062715
 4.0062629
 4.0062542
 4.0062454
 4.0062366
 4.0062276
 4.0062186
 4.0062094
 4.0062002
 4.0061908
 4.0061814
 4.0061719
 4.0061623
 4.0061526
 4.0061428
 4.0061329
 4.0061229
 4.0061128
 4.0061026
 4.0060923
 4.0060819
 4.0060714
 4.0060608
 4.0060502
 4.0060394
 4.0060285
 4.0060175
 4.0060065
 4.0059953
 4.0059841
 4.0059727
 4.0059612
 4.0059497
 4.0059380
 4.0059263
 4.0059144
 4.0059025
 4.0058904
 4.0058783
 4.0058660
 4.0058537
 4.0058413
 4.0058287
 4.0058161
 4.0058033
 4.0057905
 4.0057775
 4.0057645
 4.0057513
 4.0057381
 4.0057247
 4.0057113
 4.0056977
 4.0056841
 4.0056703
 4.0056565
 4.0056425
 4.0056284
 4.0056143
 4.0056000
 4.0055856
 4.0055712
 4.0055566
 4.0055419
 4.0055271
 4.0055122
 4.0054972
 4.0054821
 4.0054670
 4.0054516
 4.0054362
 4.0054207
 4.0054051
 4.0053894
 4.0053736
 4.0053576
 4.0053416
 4.0053255
 4.0053092
 4.0052929
 4.0052764
 4.0052599
 4.0052432
 4.0052264
 4.0052095
 4.0051925
 4.0051754
 4.0051582
 4.0051409
 4.0051235
 4.0051060
 4.0050884
 4.0050706
 4.0050528
 4.0050348
 4.0050168
 4.0049986
 4.0049803
 4.0049619
 4.0049434
 4.0049248
 4.0049061
 4.0048873
 4.0048683
 4.0048493
 4.0048302
 4.0048109
 4.0047915
 4.0047720
 4.0047524
 4.0047327
 4.0047129
 4.0046930
 4.0046730
 4.0046528
 4.0046326
 4.0046122
 4.0045917
 4.0045711
 4.0045504
 4.0045296
 4.0045087
 4.0044876
 4.0044665
 4.0044452
 4.0044239
 4.0044024
 4.0043808
 4.0043590
 4.0043372
 4.0043153
 4.0042932
 4.0042711
 4.0042488
 4.0042264
 4.0042039
 4.0041812
 4.0041585
 4.0041356
 4.0041127
 4.0040896
 4.0040664
 4.0040431
 4.0040197
 4.0039961
 4.0039724
 4.0039487
 4.0039248
 4.0039008
 4.0038766
 4.0038524
 4.0038280
 4.0038036
 4.0037790
 4.0037543
 4.0037295
 4.0037045
 4.0036795
 4.0036543
 4.0036290
 4.0036036
 4.0035780
 4.0035524
 4.0035266
 4.0035007
 4.0034747
 4.0034486
 4.0034224
 4.0033960
 4.0033695
 4.0033429
 4.0033162
 4.0032894
 4.0032624
 4.0032354
 4.0032082
 4.0031808
 4.0031534
 4.0031259
 4.0030982
 4.0030704
 4.0030425
 4.0030144
 4.0029863
 4.0029580
 4.0029296
 4.0029011
 4.0028724
 4.0028436
 4.0028147
 4.0027857
 4.0027566
 4.0027273
 4.0026980
 4.0026685
 4.0026388
 4.0026091
 4.0025792
 4.0025492
 4.0025191
 4.0024889
 4.0024585
 4.0024280
 4.0023974
 4.0023667
 4.0023358
 4.0023048
 4.0022737
 4.0022425
 4.0022111
 4.0021797
 4.0021480
 4.0021163
 4.0020845
 4.0020525
 4.0020204
 4.0019881
 4.0019558
 4.0019233
 4.0018907
 4.0018579
 4.0018251
 4.0017921
 4.0017590
 4.0017257
 4.0016923
 4.0016588
 4.0016252
 4.0015915
 4.0015576
 4.0015236
 4.0014894
 4.0014552
 4.0014208
 4.0013863
 4.0013516
 4.0013169
 4.0012819
 4.0012469
 4.0012118
 4.0011765
 4.0011410
 4.0011055
 4.0010698
 4.0010340
 4.0009981
 4.0009620
 4.0009258
 4.0008895
 4.0008530
 4.0008165
 4.0007797
 4.0007429
 4.0007059
 4.0006688
 4.0006316
 4.0005942
 4.0005567
 4.0005191
 4.0004813
 4.0004434
 4.0004054
 4.0003672
 4.0003289
 4.0002905
 4.0002520
 4.0002133
 4.0001745
 4.0001355
 4.0000964
 4.0000572
 4.0000179
 3.9999784
 3.9999388
 3.9998990
 3.9998591
 3.9998191
 3.9997790
 3.9997387
 3.9996983
 3.9996577
 3.9996170
 3.9995762
 3.9995353
 3.9994942
 3.9994530
 3.9994116
 3.9993701
 3.9993285
 3.9992867
 3.9992448
 3.9992028
 3.9991606
 3.9991183
 3.9990759
 3.9990333
 3.9989906
 3.9989478
 3.9989048
 3.9988617
 3.9988184
 3.9987750
 3.9987315
 3.9986878
 3.9986440
 3.9986001
 3.9985560
 3.9985118
 3.9984674
 3.9984230
 3.9983783
 3.9983336
 3.9982887
 3.9982436
 3.9981985
 3.9981531
 3.9981077
 3.9980621
 3.9980164
 3.9979705
 3.9979245
 3.9978783
 3.9978321
 3.9977856
 3.9977391
 3.9976924
 3.9976455
 3.9975986
 3.9975514
 3.9975042
 3.9974568
 3.9974092
 3.9973616
 3.9973137
 3.9972658
 3.9972177
 3.9971694
 3.9971210
 3.9970725
 3.9970239
 3.9969751
 3.9969261
 3.9968770
 3.9968278
 3.9967784
 3.9967289
 3.9966793
 3.9966295
 3.9965795
 3.9965294
 3.9964792
 3.9964289
 3.9963784
 3.9963277
 3.9962769
 3.9962260
 3.9961749
 3.9961237
 3.9960723
 3.9960208
 3.9959692
 3.9959174
 3.9958655
 3.9958134
 3.9957612
 3.9957088
 3.9956563
 3.9956036
 3.9955509
 3.9954979
 3.9954448
 3.9953916
 3.9953382
 3.9952847
 3.9952311
 3.9951773
 3.9951233
 3.9950692
 3.9950150
 3.9949606
 3.9949061
 3.9948514
 3.9947966
 3.9947416
 3.9946865
 3.9946312
 3.9945758
 3.9945203
 3.9944646
 3.9944087
 3.9943527
 3.9942966
 3.9942403
 3.9941839
 3.9941273
 3.9940706
 3.9940138
 3.9939567
 3.9938996
 3.9938423
 3.9937848
 3.9937272
 3.9936695
 3.9936116
 3.9935535
 3.9934954
 3.9934370
 3.9933785
 3.9933199
 3.9932611
 3.9932022
 3.9931431
 3.9930839
 3.9930245
 3.9929650
 3.9929053
 3.9928455
 3.9927855
 3.9927254
 3.9926652
 3.9926047
 3.9925442
 3.9924835
 3.9924226
 3.9923616
 3.9923004
 3.9922391
 3.9921777
 3.9921161
 3.9920543
 3.9919924
 3.9919304
 3.9918681
 3.9918058
 3.9917433
 3.9916806
 3.9916178
 3.9915549
 3.9914918
 3.9914285
 3.9913651
 3.9913015
 3.9912378
 3.9911740
 3.9911100
 3.9910458
 3.9909815
 3.9909170
 3.9908524
 3.9907876
 3.9907227
 3.9906576
 3.9905924
 3.9905271
 3.9904615
 3.9903959
 3.9903300
 3.9902641
 3.9901979
 3.9901316
 3.9900652
 3.9899986
 3.9899319
 3.9898650
 3.9897979
 3.9897307
 3.9896634
 3.9895959
 3.9895282
 3.9894604
 3.9893925
 3.9893244
 3.9892561
 3.9891877
 3.9891191
 3.9890504
 3.9889815
 3.9889125
 3.9888433
 3.9887739
 3.9887044
 3.9886348
 3.9885650
 3.9884950
 3.9884249
 3.9883547
 3.9882843
 3.9882137
 3.9881430
 3.9880721
 3.9880011
 3.9879299
 3.9878585
 3.9877870
 3.9877154
 3.9876436
 3.9875716
 3.9874995
 3.9874272
 3.9873548
 3.9872822
 3.9872095
 3.9871366
 3.9870636
 3.9869904
 3.9869170
 3.9868435
 3.9867699
 3.9866960
 3.9866221
 3.9865479
 3.9864737
 3.9863992
 3.9863246
 3.9862499
 3.9861750
 3.9860999
 3.9860247
 3.9859493
 3.9858738
 3.9857981
 3.9857223
 3.9856463
 3.9855701
 3.9854938
 3.9854173
 3.9853407
 3.9852639
 3.9851870
 3.9851099
 3.9850327
 3.9849552
 3.9848777
 3.9848000
 3.9847221
 3.9846441
 3.9845659
 3.9844875
 3.9844090
 3.9843304
 3.9842516
 3.9841726
 3.9840934
 3.9840142
 3.9839347
 3.9838551
 3.9837754
 3.9836954
 3.9836154
 3.9835351
 3.9834548
 3.9833742
 3.9832935
 3.9832126
 3.9831316
 3.9830504
 3.9829691
 3.9828876
 3.9828060
 3.9827242
 3.9826422
 3.9825601
 3.9824778
 3.9823954
 3.9823128
 3.9822300
 3.9821471
 3.9820640
 3.9819808
 3.9818974
 3.9818139
 3.9660889
 3.9734546
 3.5553134
 3.7522990
 2.6193953
 2.0781285
 1.1685487
 0.4108637
-0.4199711
-1.1747820
-2.0196896
-2.7927907
-3.5969182
-3.9834023
-4.0464526
-3.9333180
-4.0709133
-3.9312406
-4.0394259
-4.0610340
-3.8967419
-4.2159181
-4.0266731
-3.9202905
-3.8560824
-4.0326641
-3.8676306
-3.8209745
-3.7826562
-3.5691138
-3.5452276
-3.7790546
-4.0413720
-4.1846084
-4.1874986
-4.1276638
-4.0918946
-4.0780058
-4.0636590
-4.0517179
-4.0356932
-4.0257477
-4.0206427
-4.0205251
-4.0221705
-4.0234782
-4.0241253
-4.0244653
-4.0245256
-4.0246884
-4.0247450
-4.0247905
-4.0247155
-4.0245852
-4.0244195
-4.0242627
-4.0241151
-4.0239748
-4.0238336
-4.0236863
-4.0235324
-4.0233756
-4.0232160
-4.0230562
-4.0228959
-4.0227369
-4.0225782
-4.0224198
-4.0222615
-4.0221038
-4.0219465
-4.0217898
-4.0216335
-4.0214778
-4.0213224
-4.0211675
-4.0210130
-4.0208590
-4.0207054
-4.0205523
-4.0203997
-4.0202475
-4.0200957
-4.0199444
-4.0197936
-4.0196432
-4.0194933
-4.0193438
-4.0191947
-4.0190462
-4.0188980
-4.0187503
-4.0186031
-4.0184563
-4.0183099
-4.0181640
-4.0180186
-4.0178735
-4.0177290
-4.0175848
-4.0174411
-4.0172979
-4.0171551
-4.0170127
-4.0168708
-4.0167293
-4.0165883
-4.0164476
-4.0163075
-4.0161677
-4.0160284
-4.0158896
-4.0157511
-4.0156131
-4.0154756
-4.0153384
-4.0152017
-4.0150655
-4.0149296
-4.0147942
-4.0146593
-4.0145247
-4.0143906
-4.0142569
-4.0141237
-4.0139908
-4.0138584
-4.0137265
-4.0135949
-4.0134638
-4.0133331
-4.0132028
-4.0130729
-4.0129435
-4.0128145
-4.0126859
-4.0125577
-4.0124299
-4.0123026
-4.0121757
-4.0120492
-4.0119231
-4.0117974
-4.0116722
-4.0115474
-4.0114229
-4.0112989
-4.0111753
-4.0110522
-4.0109294
-4.0108070
-4.0106851
-4.0105636
-4.0104424
-4.0103217
-4.0102014
-4.0100815
-4.0099620
-4.0098430
-4.0097243
-4.0096060
-4.0094882
-4.0093707
-4.0092536
-4.0091370
-4.0090207
-4.0089049
-4.0087894
-4.0086744
-4.0085598
-4.0084455
-4.0083317
-4.0082182
-4.0081052
-4.0079925
-4.0078803
-4.0077684
-4.0076570
-4.0075459
-4.0074352
-4.0073249
-4.0072150
-4.0071056
-4.0069965
-4.0068877
-4.0067794
-4.0066715
-4.0065640
-4.0064568
-4.0063500
-4.0062437
-4.0061377
-4.0060321
-4.0059269
-4.0058220
-4.0057176
-4.0056135
-4.0055098
-4.0054066
-4.0053036
-4.0052011
-4.0050990
-4.0049972
-4.0048958
-4.0047948
-4.0046942
-4.0045939
-4.0044940
-4.0043945
-4.0042954
-4.0041967
-4.0040983
-4.0040003
-4.0039027
-4.0038054
-4.0037086
-4.0036121
-4.0035159
-4.0034202
-4.0033248
-4.0032298
-4.0031351
-4.0030408
-4.0029469
-4.0028534
-4.0027602
-4.0026674
-4.0025749
-4.0024829
-4.0023911
-4.0022998
-4.0022088
-4.0021182
-4.0020279
-4.0019380
-4.0018484
-4.0017593
-4.0016704
-4.0015820
-4.0014939
-4.0014061
-4.0013187
-4.0012317
-4.0011450
-4.0010587
-4.0009727
-4.0008871
-4.0008019
-4.0007170
-4.0006324
-4.0005482
-4.0004644
-4.0003809
-4.0002977
-4.0002149
-4.0001325
-4.0000504
-3.9999686
-3.9998872
-3.9998062
-3.9997254
-3.9996451
-3.9995651
-3.9994854
-3.9994060
-3.9993271
-3.9992484
-3.9991701
-3.9990921
-3.9990145
-3.9989372
-3.9988603
-3.9987837
-3.9987074
-3.9986315
-3.9985559
-3.9984807
-3.9984057
-3.9983312
-3.9982569
-3.9981830
-3.9981094
-3.9980362
-3.9979633
-3.9978907
-3.9978185
-3.9977465
-3.9976750
-3.9976037
-3.9975328
-3.9974622
-3.9973919
-3.9973220
-3.9972523
-3.9971831
-3.9971141
-3.9970455
-3.9969771
-3.9969091
-3.9968415
-3.9967741
-3.9967071
-3.9966404
-3.9965740
-3.9965080
-3.9964422
-3.9963768
-3.9963117
-3.9962469
-3.9961825
-3.9961183
-3.9960545
-3.9959910
-3.9959278
-3.9958649
-3.9958023
-3.9957401
-3.9956781
-3.9956165
-3.9955552
-3.9954942
-3.9954335
-3.9953731
-3.9953130
-3.9952532
-3.9951938
-3.9951346
-3.9950758
-3.9950172
-3.9949590
-3.9949011
-3.9948435
-3.9947861
-3.9947291
-3.9946724
-3.9946160
-3.9945599
-3.9945041
-3.9944486
-3.9943934
-3.9943385
-3.9942839
-3.9942296
-3.9941756
-3.9941219
-3.9940684
-3.9940153
-3.9939625
-3.9939100
-3.9938577
-3.9938058
-3.9937542
-3.9937028
-3.9936518
-3.9936010
-3.9935505
-3.9935003
-3.9934504
-3.9934008
-3.9933515
-3.9933025
-3.9932537
-3.9932053
-3.9931571
-3.9931093
-3.9930617
-3.9930143
-3.9929673
-3.9929206
-3.9928741
-3.9928279
-3.9927821
-3.9927364
-3.9926911
-3.9926461
-3.9926013
-3.9925568
-3.9925126
-3.9924687
-3.9924250
-3.9923816
-3.9923385
-3.9922957
-3.9922531
-3.9922109
-3.9921689
-3.9921271
-3.9920857
-3.9920445
-3.9920036
-3.9919630
-3.9919226
-3.9918825
-3.9918427
-3.9918031
-3.9917638
-3.9917248
-3.9916860
-3.9916475
-3.9916093
-3.9915714
-3.9915337
-3.9914963
-3.9914591
-3.9914222
-3.9913856
-3.9913492
-3.9913131
-3.9912772
-3.9912416
-3.9912063
-3.9911713
-3.9911364
-3.9911019
-3.9910676
-3.9910336
-3.9909998
-3.9909663
-3.9909330
-3.9909000
-3.9908672
-3.9908347
-3.9908025
-3.9907705
-3.9907388
-3.9907073
-3.9906760
-3.9906450
-3.9906143
-3.9905838
-3.9905536
-3.9905236
-3.9904939
-3.9904644
-3.9904351
-3.9904061
-3.9903774
-3.9903488
-3.9903206
-3.9902926
-3.9902648
-3.9902373
-3.9902100
-3.9901829
-3.9901561
-3.9901295
-3.9901032
-3.9900771
-3.9900513
-3.9900257
-3.9900003
-3.9899752
-3.9899503
-3.9899256
-3.9899012
-3.9898770
-3.9898531
-3.9898294
-3.9898059
-3.9897826
-3.9897596
-3.9897368
-3.9897143
-3.9896919
-3.9896699
-3.9896480
-3.9896264
-3.9896050
-3.9895838
-3.9895628
-3.9895421
-3.9895216
-3.9895014
-3.9894813
-3.9894615
-3.9894419
-3.9894226
-3.9894034
-3.9893845
-3.9893658
-3.9893473
-3.9893291
-3.9893110
-3.9892932
-3.9892756
-3.9892583
-3.9892411
-3.9892242
-3.9892075
-3.9891910
-3.9891747
-3.9891586
-3.9891428
-3.9891271
-3.9891117
-3.9890965
-3.9890815
-3.9890667
-3.9890521
-3.9890378
-3.9890236
-3.9890097
-3.9889960
-3.9889825
-3.9889691
-3.9889560
-3.9889432
-3.9889305
-3.9889180
-3.9889057
-3.9888937
-3.9888818
-3.9888702
-3.9888587
-3.9888475
-3.9888364
-3.9888256
-3.9888149
-3.9888045
-3.9887943
-3.9887842
-3.9887744
-3.9887648
-3.9887553
-3.9887461
-3.9887371
-3.9887282
-3.9887196
-3.9887111
-3.9887029
-3.9886948
-3.9886870
-3.9886793
-3.9886718
-3.9886645
-3.9886575
-3.9886506
-3.9886439
-3.9886374
-3.9886310
-3.9886249
-3.9886190
-3.9886132
-3.9886076
-3.9886023
-3.9885971
-3.9885921
-3.9885873
-3.9885826
-3.9885782
-3.9885739
-3.9885699
-3.9885660
-3.9885623
-3.9885588
-3.9885554
-3.9885523
-3.9885493
-3.9885465
-3.9885439
-3.9885414
-3.9885392
-3.9885371
-3.9885352
-3.9885335
-3.9885319
-3.9885306
-3.9885294
-3.9885284
-3.9885275
-3.9885269
-3.9885264
-3.9885261
-3.9885259
-3.9885259
-3.9885261
-3.9885265
-3.9885271
-3.9885278
-3.9885287
-3.9885297
-3.9885309
-3.9885323
-3.9885339
-3.9885356
-3.9885375
-3.9885396
-3.9885418
-3.9885442
-3.9885467
-3.9885495
-3.9885523
-3.9885554
-3.9885586
-3.9885620
-3.9885655
-3.9885692
-3.9885731
-3.9885771
-3.9885813
-3.9885856
-3.9885901
-3.9885948
-3.9885996
-3.9886046
-3.9886097
-3.9886150
-3.9886204
-3.9886260
-3.9886318
-3.9886377
-3.9886437
-3.9886499
-3.9886563
-3.9886628
-3.9886695
-3.9886763
-3.9886833
-3.9886904
-3.9886977
-3.9887051
-3.9887127
-3.9887204
-3.9887283
-3.9887363
-3.9887444
-3.9887528
-3.9887612
-3.9887698
-3.9887786
-3.9887875
-3.9887965
-3.9888057
-3.9888150
-3.9888245
-3.9888341
-3.9888438
-3.9888537
-3.9888637
-3.9888739
-3.9888842
-3.9888947
-3.9889052
-3.9889160
-3.9889268
-3.9889378
-3.9889490
-3.9889602
-3.9889716
-3.9889832
-3.9889949
-3.9890067
-3.9890186
-3.9890307
-3.9890429
-3.9890553
-3.9890677
-3.9890804
-3.9890931
-3.9891060
-3.9891190
-3.9891321
-3.9891453
-3.9891587
-3.9891722
-3.9891859
-3.9891997
-3.9892136
-3.9892276
-3.9892417
-3.9892560
-3.9892704
-3.9892849
-3.9892996
-3.9893143
-3.9893292
-3.9893442
-3.9893594
-3.9893746
-3.9893900
-3.9894055
-3.9894211
-3.9894368
-3.9894527
-3.9894687
-3.9894848
-3.9895010
-3.9895173
-3.9895337
-3.9895503
-3.9895670
-3.9895837
-3.9896007
-3.9896177
-3.9896348
-3.9896520
-3.9896694
-3.9896869
-3.9897045
-3.9897221
-3.9897399
-3.9897579
-3.9897759
-3.9897940
-3.9898123
-3.9898306
-3.9898491
-3.9898676
-3.9898863
-3.9899051
-3.9899240
-3.9899430
-3.9899621
-3.9899813
-3.9900006
-3.9900200
-3.9900395
-3.9900591
-3.9900788
-3.9900987
-3.9901186
-3.9901386
-3.9901587
-3.9901789
-3.9901993
-3.9902197
-3.9902402
-3.9902608
-3.9902816
-3.9903024
-3.9903233
-3.9903443
-3.9903654
-3.9903866
-3.9904079
-3.9904293
-3.9904508
-3.9904723
-3.9904940
-3.9905158
-3.9905376
-3.9905596
-3.9905816
-3.9906038
-3.9906260
-3.9906483
-3.9906707
-3.9906932
-3.9907158
-3.9907384
-3.9907612
-3.9907840
-3.9908070
-3.9908300
-3.9908531
-3.9908763
-3.9908996
-3.9909229
-3.9909464
-3.9909699
-3.9909935
-3.9910172
-3.9910410
-3.9910648
-3.9910888
-3.9911128
-3.9911369
-3.9911611
-3.9911853
-3.9912097
-3.9912341
-3.9912586
-3.9912832
-3.9913078
-3.9913325
-3.9913573
-3.9913822
-3.9914072
-3.9914322
-3.9914573
-3.9914825
-3.9915078
-3.9915331
-3.9915585
-3.9915840
-3.9916095
-3.9916352
-3.9916609
-3.9916866
-3.9917125
-3.9917384
-3.9917643
-3.9917904
-3.9918165
-3.9918427
-3.9918689
-3.9918953
-3.9919216
-3.9919481
-3.9919746
-3.9920012
-3.9920278
-3.9920546
-3.9920813
-3.9921082
-3.9921351
-3.9921620
-3.9921891
-3.9922162
-3.9922433
-3.9922705
-3.9922978
-3.9923252
-3.9923526
-3.9923800
-3.9924075
-3.9924351
-3.9924628
-3.9924905
-3.9925182
-3.9925460
-3.9925739
-3.9926018
-3.9926298
-3.9926578
-3.9926859
-3.9927141
-3.9927422
-3.9927705
-3.9927988
-3.9928272
-3.9928556
-3.9928840
-3.9929126
-3.9929411
-3.9929697
-3.9929984
-3.9930271
-3.9930559
-3.9930847
-3.9931136
-3.9931425
-3.9931715
-3.9932005
-3.9932295
-3.9932586
-3.9932878
-3.9933170
-3.9933462
-3.9933755
-3.9934048
-3.9934342
-3.9934636
-3.9934931
-3.9935226
-3.9935522
-3.9935818
-3.9936114
-3.9936411
-3.9936708
-3.9937005
-3.9937303
-3.9937602
-3.9937901
-3.9938200
-3.9938499
-3.9938799
-3.9939099
-3.9939400
-3.9939701
-3.9940003
-3.9940304
-3.9940606
-3.9940909
-3.9941212
-3.9941515
-3.9941819
-3.9942122
-3.9942427
-3.9942731
-3.9943036
-3.9943341
-3.9943647
-3.9943952
-3.9944259
-3.9944565
-3.9944872
-3.9945179
-3.9945486
-3.9945794
-3.9946102
-3.9946410
-3.9946718
-3.9947027
-3.9947336
-3.9947645
-3.9947955
-3.9948264
-3.9948574
-3.9948885
-3.9949195
-3.9949506
-3.9949817
-3.9950128
-3.9950440
-3.9950752
-3.9951064
-3.9951376
-3.9951688
-3.9952001
-3.9952313
-3.9952626
-3.9952940
-3.9953253
-3.9953567
-3.9953880
-3.9954194
-3.9954508
-3.9954823
-3.9955137
-3.9955452
-3.9955767
-3.9956082
-3.9956397
-3.9956712
-3.9957028
-3.9957343
-3.9957659
-3.9957975
-3.9958291
-3.9958607
-3.9958923
-3.9959240
-3.9959556
-3.9959873
-3.9960190
-3.9960506
-3.9960823
-3.9961140
-3.9961458
-3.9961775
-3.9962092
-3.9962410
-3.9962727
-3.9963045
-3.9963362
-3.9963680
-3.9963998
-3.9964316
-3.9964634
-3.9964952
-3.9965270
-3.9965588
-3.9965906
-3.9966224
-3.9966542
-3.9966861
-3.9967179
-3.9967497
-3.9967816
-3.9968134
-3.9968452
-3.9968771
-3.9969089
-3.9969408
-3.9969726
-3.9970044
-3.9970363
-3.9970681
-3.9971000
-3.9971318
-3.9971636
-3.9971955
-3.9972273
-3.9972591
-3.9972909
-3.9973227
-3.9973546
-3.9973864
-3.9974182
-3.9974500
-3.9974818
-3.9975136
-3.9975453
-3.9975771
-3.9976089
-3.9976407
-3.9976724
-3.9977042
-3.9977359
-3.9977676
-3.9977993
-3.9978310
-3.9978627
-3.9978944
-3.9979261
-3.9979578
-3.9979894
-3.9980211
-3.9980527
-3.9980844
-3.9981160
-3.9981476
-3.9981791
-3.9982107
-3.9982423
-3.9982738
-3.9983053
-3.9983369
-3.9983683
-3.9983998
-3.9984313
-3.9984627
-3.9984942
-3.9985256
-3.9985570
-3.9985884
-3.9986197
-3.9986511
-3.9986824
-3.9987137
-3.9987450
-3.9987763
-3.9988075
-3.9988387
-3.9988699
-3.9989011
-3.9989323
-3.9989634
-3.9989946
-3.9990257
-3.9990567
-3.9990878
-3.9991188
-3.9991498
-3.9991808
-3.9992117
-3.9992427
-3.9992736
-3.9993045
-3.9993353
-3.9993662
-3.9993970
-3.9994277
-3.9994585
-3.9994892
-3.9995199
-3.9995506
-3.9995812
-3.9996118
-3.9996424
-3.9996729
-3.9997035
-3.9997340
-3.9997644
-3.9997948
-3.9998252
-3.9998556
-3.9998859
-3.9999163
-3.9999465
-3.9999768
-4.0000070
-4.0000371
-4.0000673
-4.0000974
-4.0001275
-4.0001575
-4.0001875
-4.0002175
-4.0002474
-4.0002773
-4.0003072
-4.0003370
-4.0003668
-4.0003965
-4.0004263
-4.0004559
-4.0004856
-4.0005152
-4.0005447
-4.0005743
-4.0006037
-4.0006332
-4.0006626
-4.0006920
-4.0007213
-4.0007506
-4.0007798
-4.0008090
-4.0008382
-4.0008673
-4.0008964
-4.0009254
-4.0009544
-4.0009834
-4.0010123
-4.0010411
-4.0010699
-4.0010987
-4.0011274
-4.0011561
-4.0011848
-4.0012134
-4.0012419
-4.0012704
-4.0012989
-4.0013273
-4.0013556
-4.0013840
-4.0014122
-4.0014404
-4.0014686
-4.0014967
-4.0015248
-4.0015528
-4.0015808
-4.0016087
-4.0016366
-4.0016644
-4.0016922
-4.0017199
-4.0017476
-4.0017752
-4.0018028
-4.0018303
-4.0018578
-4.0018852
-4.0019126
-4.0019399
-4.0019671
-4.0019943
-4.0020215
-4.0020486
-4.0020756
-4.0021026
-4.0021295
-4.0021564
-4.0021832
-4.0022100
-4.0022367
-4.0022634
-4.0022899
-4.0023165
-4.0023430
-4.0023694
-4.0023957
-4.0024221
-4.0024483
-4.0024745
-4.0025006
-4.0025267
-4.0025527
-4.0025786
-4.0026045
-4.0026304
-4.0026561
-4.0026819
-4.0027075
-4.0027331
-4.0027586
-4.0027841
-4.0028095
-4.0028348
-4.0028601
-4.0028853
-4.0029105
-4.0029355
-4.0029606
-4.0029855
-4.0030104
-4.0030352
-4.0030600
-4.0030847
-4.0031093
-4.0031339
-4.0031584
-4.0031828
-4.0032072
-4.0032315
-4.0032557
-4.0032799
-4.0033040
-4.0033280
-4.0033520
-4.0033759
-4.0033997
-4.0034235
-4.0034472
-4.0034708
-4.0034944
-4.0035178
-4.0035412
-4.0035646
-4.0035879
-4.0036111
-4.0036342
-4.0036572
-4.0036802
-4.0037031
-4.0037260
-4.0037488
-4.0037714
-4.0037941
-4.0038166
-4.0038391
-4.0038615
-4.0038838
-4.0039061
-4.0039283
-4.0039504
-4.0039724
-4.0039944
-4.0040162
-4.0040381
-4.0040598
-4.0040814
-4.0041030
-4.0041245
-4.0041459
-4.0041673
-4.0041886
-4.0042097
-4.0042309
-4.0042519
-4.0042729
-4.0042937
-4.0043145
-4.0043353
-4.0043559
-4.0043765
-4.0043969
-4.0044174
-4.0044377
-4.0044579
-4.0044781
-4.0044982
-4.0045182
-4.0045381
-4.0045579
-4.0045777
-4.0045974
-4.0046170
-4.0046365
-4.0046559
-4.0046752
-4.0046945
-4.0047137
-4.0047328
-4.0047518
-4.0047707
-4.0047895
-4.0048083
-4.0048270
-4.0048456
-4.0048641
-4.0048825
-4.0049008
-4.0049191
-4.0049372
-4.0049553
-4.0049733
-4.0049912
-4.0050090
-4.0050267
-4.0050444
-4.0050619
-4.0050794
-4.0050968
-4.0051141
-4.0051313
-4.0051484
-4.0051654
-4.0051823
-4.0051992
-4.0052159
-4.0052326
-4.0052492
-4.0052656
-4.0052820
-4.0052983
-4.0053146
-4.0053307
-4.0053467
-4.0053626
-4.0053785
-4.0053942
-4.0054099
-4.0054255
-4.0054410
-4.0054563
-4.0054716
-4.0054868
-4.0055020
-4.0055170
-4.0055319
-4.0055467
-4.0055614
-4.0055761
-4.0055906
-4.0056051
-4.0056194
-4.0056337
-4.0056479
-4.0056619
-4.0056759
-4.0056898
-4.0057036
-4.0057172
-4.0057308
-4.0057443
-4.0057577
-4.0057710
-4.0057842
-4.0057973
-4.0058103
-4.0058232
-4.0058360
-4.0058488
-4.0058614
-4.0058739
-4.0058863
-4.0058986
-4.0059108
-4.0059230
-4.0059350
-4.0059469
-4.0059587
-4.0059704
-4.0059821
-4.0059936
-4.0060050
-4.0060163
-4.0060275
-4.0060386
-4.0060497
-4.0060606
-4.0060714
-4.0060821
-4.0060927
-4.0061032
-4.0061136
-4.0061239
-4.0061341
-4.0061442
-4.0061542
-4.0061641
-4.0061739
-4.0061835
-4.0061931
-4.0062026
-4.0062120
-4.0062212
-4.0062304
-4.0062394
-4.0062484
-4.0062572
-4.0062660
-4.0062746
-4.0062831
-4.0062916
-4.0062999
-4.0063081
-4.0063162
-4.0063242
-4.0063321
-4.0063399
-4.0063476
-4.0063551
-4.0063626
-4.0063700
-4.0063772
-4.0063844
-4.0063914
-4.0063983
-4.0064051
-4.0064119
-4.0064185
-4.0064249
-4.0064313
-4.0064376
-4.0064438
-4.0064498
-4.0064558
-4.0064616
-4.0064673
-4.0064730
-4.0064785
-4.0064839
-4.0064892
-4.0064943
-4.0064994
-4.0065044
-4.0065092
-4.0065139
-4.0065186
-4.0065231
-4.0065275
-4.0065318
-4.0065359
-4.0065400
-4.0065440
-4.0065478
-4.0065515
-4.0065551
-4.0065586
-4.0065620
-4.0065653
-4.0065685
-4.0065715
-4.0065745
-4.0065773
-4.0065800
-4.0065826
-4.0065851
-4.0065874
-4.0065897
-4.0065918
-4.0065939
-4.0065958
-4.0065976
-4.0065992
-4.0066008
-4.0066023
-4.0066036
-4.0066048
-4.0066059
-4.0066069
-4.0066078
-4.0066085
-4.0066092
-4.0066097
-4.0066101
-4.0066104
-4.0066106
-4.0066106
-4.0066105
-4.0066104
-4.0066101
-4.0066097
-4.0066091
-4.0066085
-4.0066077
-4.0066068
-4.0066058
-4.0066047
-4.0066035
-4.0066021
-4.0066007
-4.0065991
-4.0065973
-4.0065955
-4.0065936
-4.0065915
-4.0065893
-4.0065870
-4.0065846
-4.0065820
-4.0065794
-4.0065766
-4.0065737
-4.0065707
-4.0065675
-4.0065643
-4.0065609
-4.0065574
-4.0065537
-4.0065500
-4.0065461
-4.0065421
-4.0065380
-4.0065338
-4.0065294
-4.0065250
-4.0065204
-4.0065157
-4.0065108
-4.0065059
-4.0065008
-4.0064956
-4.0064903
-4.0064848
-4.0064792
-4.0064736
-4.0064677
-4.0064618
-4.0064557
-4.0064496
-4.0064433
-4.0064368
-4.0064303
-4.0064236
-4.0064168
-4.0064099
-4.0064029
-4.0063957
-4.0063884
-4.0063810
-4.0063734
-4.0063658
-4.0063580
-4.0063501
-4.0063421
-4.0063339
-4.0063256
-4.0063172
-4.0063087
-4.0063000
-4.0062912
-4.0062823
-4.0062733
-4.0062641
-4.0062549
-4.0062455
-4.0062359
-4.0062263
-4.0062165
-4.0062066
-4.0061965
-4.0061864
-4.0061761
-4.0061657
-4.0061551
-4.0061445
-4.0061337
-4.0061228
-4.0061117
-4.0061006
-4.0060893
-4.0060779
-4.0060663
-4.0060546
-4.0060428
-4.0060309
-4.0060189
-4.0060067
-4.0059944
-4.0059819
-4.0059694
-4.0059567
-4.0059439
-4.0059309
-4.0059179
-4.0059047
-4.0058913
-4.0058779
-4.0058643
-4.0058506
-4.0058367
-4.0058228
-4.0058087
-4.0057945
-4.0057801
-4.0057656
-4.0057510
-4.0057363
-4.0057214
-4.0057064
-4.0056913
-4.0056761
-4.0056607
-4.0056452
-4.0056296
-4.0056138
-4.0055979
-4.0055819
-4.0055657
-4.0055495
-4.0055331
-4.0055165
-4.0054999
-4.0054831
-4.0054661
-4.0054491
-4.0054319
-4.0054146
-4.0053971
-4.0053796
-4.0053619
-4.0053440
-4.0053261
-4.0053080
-4.0052898
-4.0052714
-4.0052529
-4.0052343
-4.0052156
-4.0051967
-4.0051777
-4.0051586
-4.0051393
-4.0051199
-4.0051004
-4.0050808
-4.0050610
-4.0050411
-4.0050210
-4.0050009
-4.0049805
-4.0049601
-4.0049396
-4.0049189
-4.0048980
-4.0048771
-4.0048560
-4.0048348
-4.0048134
-4.0047919
-4.0047703
-4.0047486
-4.0047267
-4.0047047
-4.0046826
-4.0046603
-4.0046379
-4.0046154
-4.0045927
-4.0045699
-4.0045470
-4.0045240
-4.0045008
-4.0044775
-4.0044540
-4.0044304
-4.0044067
-4.0043829
-4.0043589
-4.0043348
-4.0043106
-4.0042862
-4.0042617
-4.0042371
-4.0042123
-4.0041874
-4.0041624
-4.0041373
-4.0041120
-4.0040866
-4.0040610
-4.0040353
-4.0040095
-4.0039836
-4.0039575
-4.0039313
-4.0039049
-4.0038785
-4.0038519
-4.0038251
-4.0037982
-4.0037712
-4.0037441
-4.0037169
-4.0036895
-4.0036619
-4.0036343
-4.0036065
-4.0035786
-4.0035505
-4.0035223
-4.0034940
-4.0034655
-4.0034370
-4.0034082
-4.0033794
-4.0033504
-4.0033213
-4.0032921
-4.0032627
-4.0032332
-4.0032036
-4.0031738
-4.0031439
-4.0031138
-4.0030837
-4.0030534
-4.0030230
-4.0029924
-4.0029617
-4.0029309
-4.0028999
-4.0028688
-4.0028376
-4.0028062
-4.0027748
-4.0027431
-4.0027114
-4.0026795
-4.0026475
-4.0026154
-4.0025831
-4.0025507
-4.0025181
-4.0024855
-4.0024527
-4.0024197
-4.0023866
-4.0023534
-4.0023201
-4.0022867
-4.0022531
-4.0022193
-4.0021855
-4.0021515
-4.0021174
-4.0020831
-4.0020487
-4.0020142
-4.0019796
-4.0019448
-4.0019099
-4.0018748
-4.0018396
-4.0018043
-4.0017689
-4.0017333
-4.0016976
-4.0016618
-4.0016258
-4.0015897
-4.0015535
-4.0015172
-4.0014807
-4.0014441
-4.0014073
-4.0013704
-4.0013334
-4.0012963
-4.0012590
-4.0012216
-4.0011840
-4.0011464
-4.0011086
-4.0010706
-4.0010326
-4.0009944
-4.0009561
-4.0009176
-4.0008790
-4.0008403
-4.0008015
-4.0007625
-4.0007234
-4.0006841
-4.0006448
-4.0006053
-4.0005656
-4.0005259
-4.0004860
-4.0004460
-4.0004058
-4.0003655
-4.0003251
-4.0002846
-4.0002439
-4.0002031
-4.0001622
-4.0001211
-4.0000799
-4.0000386
-3.9999972
-3.9999556
-3.9999139
-3.9998720
-3.9998301
-3.9997880
-3.9997457
-3.9997034
-3.9996609
-3.9996183
-3.9995755
-3.9995326
-3.9994896
-3.9994465
-3.9994032
-3.9993598
-3.9993163
-3.9992727
-3.9992289
-3.9991850
-3.9991409
-3.9990968
-3.9990525
-3.9990081
-3.9989635
-3.9989188
-3.9988740
-3.9988291
-3.9987840
-3.9987388
-3.9986935
-3.9986480
-3.9986025
-3.9985568
-3.9985109
-3.9984650
-3.9984189
-3.9983727
-3.9983263
-3.9982798
-3.9982332
-3.9981865
-3.9981397
-3.9980927
-3.9980456
-3.9979983
-3.9979510
-3.9979035
-3.9978559
-3.9978081
-3.9977602
-3.9977123
-3.9976641
-3.9976159
-3.9975675
-3.9975190
-3.9974704
-3.9974216
-3.9973727
-3.9973237
-3.9972746
-3.9972253
-3.9971759
-3.9971264
-3.9970768
-3.9970270
-3.9969771
-3.9969271
-3.9968770
-3.9968267
-3.9967763
-3.9967258
-3.9966752
-3.9966244
-3.9965735
-3.9965225
-3.9964714
-3.9964201
-3.9963687
-3.9963172
-3.9962656
-3.9962138
-3.9961619
-3.9961099
-3.9960578
-3.9960055
-3.9959531
-3.9959006
-3.9958480
-3.9957953
-3.9957424
-3.9956894
-3.9956363
-3.9955830
-3.9955297
-3.9954762
-3.9954226
-3.9953688
-3.9953150
-3.9952610
-3.9952069
-3.9951527
-3.9950983
-3.9950438
-3.9949893
-3.9949345
-3.9948797
-3.9948248
-3.9947697
-3.9947145
-3.9946592
-3.9946037
-3.9945482
-3.9944925
-3.9944367
-3.9943807
-3.9943247
-3.9942685
-3.9942122
-3.9941558
-3.9940993
-3.9940427
-3.9939859
-3.9939290
-3.9938720
-3.9938149
-3.9937576
-3.9937003
-3.9936428
-3.9935852
-3.9935274
-3.9934696
-3.9934116
-3.9933536
-3.9932954
-3.9932371
-3.9931786
-3.9931201
-3.9930614
-3.9930026
-3.9929437
-3.9928847
-3.9928255
-3.9927663
-3.9927069
-3.9926474
-3.9925878
-3.9925281
-3.9924682
-3.9924082
-3.9923482
-3.9922880
-3.9922277
-3.9921672
-3.9921067
-3.9920460
-3.9919853
-3.9919244
-3.9918634
-3.9918022
-3.9917410
-3.9916796
-3.9916182
-3.9915566
-3.9914949
-3.9914331
-3.9913712
-3.9913091
-3.9912470
-3.9911847
-3.9911223
-3.9910598
-3.9909972
-3.9909345
-3.9908716
-3.9908087
-3.9907456
-3.9906824
-3.9906192
-3.9905558
-3.9904922
-3.9904286
-3.9903649
-3.9903010
-3.9902371
-3.9901730
-3.9901088
-3.9900445
-3.9899801
-3.9899156
-3.9898509
-3.9897862
-3.9897213
-3.9896564
-3.9895913
-3.9895261
-3.9894608
-3.9893954
-3.9893299
-3.9892643
-3.9891985
-3.9891327
-3.9890667
-3.9890007
-3.9889345
-3.9888682
-3.9888018
-3.9887353
-3.9886687
-3.9886020
-3.9885352
-3.9884683
-3.9884012
-3.9883341
-3.9882668
-3.9881995
-3.9881320
-3.9880644
-3.9879968
-3.9879290
-3.9878611
-3.9877931
-3.9877250
-3.9876568
-3.9875885
-3.9875200
-3.9874515
-3.9873829
-3.9873141
-3.9872453
-3.9871764
-3.9871073
-3.9870381
-3.9869689
-3.9868995
-3.9868301
-3.9867605
-3.9866908
-3.9866210
-3.9865511
-3.9864812
-3.9864111
-3.9863409
-3.9862706
-3.9862002
-3.9861297
-3.9860591
-3.9898482
-4.2869122
-3.8925527
-3.2212524
-3.3569290
-3.2555013
-2.4977459
-2.1851504
-1.7584988
-1.4114258
-1.1660832
-0.4585463
-0.1876149
-0.0768437
 0.0321631
 0.0359599
-0.0516487
 0.0645710
-0.1068196
 0.0671737
-0.1302761
 0.1732760
 0.0394809
 0.1406628
-0.0842593
-0.6378591
 0.3273380
 0.5778352
 0.0749680
-0.2909452
-0.0594247
-0.2022758
-0.7448293
-0.8748188
-0.5148301
-0.2354770
-0.1256139
 0.0116494
 0.0421973
-0.0108968
-0.0261639
 0.0181696
 0.0438095
 0.0335011
 0.0115793
 0.0077194
 0.0178894
 0.0256250
 0.0248292
 0.0231185
 0.0232371
 0.0224950
 0.0222180
 0.0226645
 0.0230693
 0.0229060
 0.0229063
 0.0230554
 0.0230174
 0.0227736
 0.0225670
 0.0224703
 0.0224158
 0.0223696
 0.0222936
 0.0221910
 0.0220907
 0.0220130
 0.0219342
 0.0218458
 0.0217493
 0.0216537
 0.0215611
 0.0214710
 0.0213801
 0.0212861
 0.0211910
 0.0210979
 0.0210071
 0.0209164
 0.0208249
 0.0207332
 0.0206421
 0.0205512
 0.0204605
 0.0203699
 0.0202794
 0.0201892
 0.0200992
 0.0200094
 0.0199198
 0.0198303
 0.0197411
 0.0196520
 0.0195632
 0.0194745
 0.0193861
 0.0192978
 0.0192098
 0.0191219
 0.0190343
 0.0189468
 0.0188595
 0.0187724
 0.0186856
 0.0185989
 0.0185124
 0.0184261
 0.0183400
 0.0182541
 0.0181684
 0.0180829
 0.0179976
 0.0179125
 0.0178276
 0.0177429
 0.0176584
 0.0175740
 0.0174899
 0.0174060
 0.0173222
 0.0172387
 0.0171554
 0.0170722
 0.0169893
 0.0169065
 0.0168240
 0.0167416
 0.0166594
 0.0165775
 0.0164957
 0.0164141
 0.0163327
 0.0162516
 0.0161706
 0.0160898
 0.0160092
 0.0159288
 0.0158486
 0.0157686
 0.0156888
 0.0156092
 0.0155297
 0.0154505
 0.0153715
 0.0152927
 0.0152140
 0.0151356
 0.0150573
 0.0149793
 0.0149014
 0.0148238
 0.0147463
 0.0146691
 0.0145920
 0.0145151
 0.0144384
 0.0143620
 0.0142857
 0.0142096
 0.0141337
 0.0140580
 0.0139825
 0.0139072
 0.0138321
 0.0137571
 0.0136824
 0.0136079
 0.0135335
 0.0134594
 0.0133855
 0.0133117
 0.0132382
 0.0131648
 0.0130916
 0.0130187
 0.0129459
 0.0128733
 0.0128009
 0.0127287
 0.0126567
 0.0125849
 0.0125133
 0.0124419
 0.0123707
 0.0122997
 0.0122289
 0.0121582
 0.0120878
 0.0120175
 0.0119475
 0.0118776
 0.0118080
 0.0117385
 0.0116692
 0.0116002
 0.0115313
 0.0114626
 0.0113941
 0.0113258
 0.0112577
 0.0111897
 0.0111220
 0.0110545
 0.0109872
 0.0109200
 0.0108531
 0.0107863
 0.0107198
 0.0106534
 0.0105872
 0.0105212
 0.0104554
 0.0103898
 0.0103244
 0.0102592
 0.0101942
 0.0101294
 0.0100648
 0.0100003
 0.0099361
 0.0098720
 0.0098082
 0.0097445
 0.0096810
 0.0096177
 0.0095546
 0.0094917
 0.0094290
 0.0093665
 0.0093042
 0.0092421
 0.0091801
 0.0091184
 0.0090568
 0.0089955
 0.0089343
 0.0088733
 0.0088125
 0.0087519
 0.0086915
 0.0086313
 0.0085713
 0.0085115
 0.0084518
 0.0083924
 0.0083331
 0.0082741
 0.0082152
 0.0081565
 0.0080980
 0.0080397
 0.0079816
 0.0079237
 0.0078660
 0.0078084
 0.0077511
 0.0076939
 0.0076369
 0.0075802
 0.0075236
 0.0074672
 0.0074110
 0.0073549
 0.0072991
 0.0072435
 0.0071880
 0.0071328
 0.0070777
 0.0070228
 0.0069681
 0.0069136
 0.0068593
 0.0068052
 0.0067512
 0.0066975
 0.0066439
 0.0065906
 0.0065374
 0.0064844
 0.0064316
 0.0063790
 0.0063266
 0.0062743
 0.0062223
 0.0061704
 0.0061187
 0.0060672
 0.0060159
 0.0059648
 0.0059139
 0.0058632
 0.0058126
 0.0057623
 0.0057121
 0.0056621
 0.0056123
 0.0055627
 0.0055133
 0.0054640
 0.0054150
 0.0053661
 0.0053174
 0.0052690
 0.0052207
 0.0051725
 0.0051246
 0.0050769
 0.0050293
 0.0049819
 0.0049347
 0.0048877
 0.0048409
 0.0047943
 0.0047478
 0.0047016
 0.0046555
 0.0046096
 0.0045639
 0.0045184
 0.0044731
 0.0044279
 0.0043829
 0.0043382
 0.0042936
 0.0042491
 0.0042049
 0.0041609
 0.0041170
 0.0040733
 0.0040298
 0.0039865
 0.0039434
 0.0039005
 0.0038577
 0.0038151
 0.0037727
 0.0037305
 0.0036885
 0.0036467
 0.0036050
 0.0035635
 0.0035222
 0.0034811
 0.0034402
 0.0033994
 0.0033589
 0.0033185
 0.0032783
 0.0032383
 0.0031984
 0.0031588
 0.0031193
 0.0030800
 0.0030409
 0.0030020
 0.0029632
 0.0029246
 0.0028863
 0.0028481
 0.0028100
 0.0027722
 0.0027345
 0.0026970
 0.0026597
 0.0026226
 0.0025856
 0.0025489
 0.0025123
 0.0024759
 0.0024396
 0.0024036
 0.0023677
 0.0023320
 0.0022965
 0.0022612
 0.0022260
 0.0021911
 0.0021563
 0.0021216
 0.0020872
 0.0020529
 0.0020188
 0.0019849
 0.0019512
 0.0019177
 0.0018843
 0.0018511
 0.0018181
 0.0017852
 0.0017525
 0.0017200
 0.0016877
 0.0016556
 0.0016236
 0.0015918
 0.0015602
 0.0015288
 0.0014975
 0.0014665
 0.0014356
 0.0014048
 0.0013743
 0.0013439
 0.0013137
 0.0012836
 0.0012538
 0.0012241
 0.0011946
 0.0011653
 0.0011361
 0.0011071
 0.0010783
 0.0010497
 0.0010212
 0.0009929
 0.0009648
 0.0009368
 0.0009091
 0.0008815
 0.0008540
 0.0008268
 0.0007997
 0.0007728
 0.0007461
 0.0007195
 0.0006931
 0.0006669
 0.0006408
 0.0006150
 0.0005893
 0.0005637
 0.0005384
 0.0005132
 0.0004881
 0.0004633
 0.0004386
 0.0004141
 0.0003897
 0.0003656
 0.0003416
 0.0003177
 0.0002941
 0.0002706
 0.0002473
 0.0002241
 0.0002011
 0.0001783
 0.0001556
 0.0001332
 0.0001109
 0.0000887
 0.0000667
 0.0000449
 0.0000233
 0.0000018
-0.0000195
-0.0000406
-0.0000616
-0.0000824
-0.0001031
-0.0001235
-0.0001438
-0.0001640
-0.0001840
-0.0002038
-0.0002234
-0.0002429
-0.0002622
-0.0002813
-0.0003003
-0.0003191
-0.0003378
-0.0003563
-0.0003746
-0.0003928
-0.0004108
-0.0004286
-0.0004462
-0.0004638
-0.0004811
-0.0004983
-0.0005153
-0.0005321
-0.0005488
-0.0005653
-0.0005817
-0.0005979
-0.0006140
-0.0006298
-0.0006455
-0.0006611
-0.0006765
-0.0006917
-0.0007068
-0.0007217
-0.0007365
-0.0007510
-0.0007655
-0.0007797
-0.0007938
-0.0008078
-0.0008216
-0.0008352
-0.0008487
-0.0008620
-0.0008752
-0.0008881
-0.0009010
-0.0009137
-0.0009262
-0.0009385
-0.0009507
-0.0009628
-0.0009747
-0.0009864
-0.0009980
-0.0010094
-0.0010207
-0.0010318
-0.0010427
-0.0010535
-0.0010642
-0.0010746
-0.0010850
-0.0010951
-0.0011051
-0.0011150
-0.0011247
-0.0011343
-0.0011437
-0.0011529
-0.0011620
-0.0011709
-0.0011797
-0.0011883
-0.0011968
-0.0012051
-0.0012133
-0.0012213
-0.0012292
-0.0012369
-0.0012444
-0.0012519
-0.0012591
-0.0012662
-0.0012732
-0.0012800
-0.0012866
-0.0012931
-0.0012995
-0.0013057
-0.0013117
-0.0013176
-0.0013234
-0.0013290
-0.0013344
-0.0013397
-0.0013449
-0.0013499
-0.0013547
-0.0013594
-0.0013640
-0.0013684
-0.0013727
-0.0013768
-0.0013808
-0.0013846
-0.0013883
-0.0013918
-0.0013952
-0.0013984
-0.0014015
-0.0014045
-0.0014073
-0.0014099
-0.0014124
-0.0014148
-0.0014170
-0.0014191
-0.0014210
-0.0014228
-0.0014244
-0.0014259
-0.0014273
-0.0014285
-0.0014296
-0.0014305
-0.0014313
-0.0014319
-0.0014324
-0.0014328
-0.0014330
-0.0014331
-0.0014330
-0.0014328
-0.0014325
-0.0014320
-0.0014313
-0.0014306
-0.0014297
-0.0014286
-0.0014274
-0.0014261
-0.0014246
-0.0014230
-0.0014213
-0.0014194
-0.0014174
-0.0014152
-0.0014129
-0.0014105
-0.0014079
-0.0014052
-0.0014024
-0.0013994
-0.0013963
-0.0013930
-0.0013896
-0.0013861
-0.0013825
-0.0013787
-0.0013747
-0.0013707
-0.0013665
-0.0013621
-0.0013577
-0.0013531
-0.0013483
-0.0013435
-0.0013385
-0.0013333
-0.0013281
-0.0013227
-0.0013171
-0.0013115
-0.0013057
-0.0012998
-0.0012937
-0.0012875
-0.0012812
-0.0012748
-0.0012682
-0.0012615
-0.0012546
-0.0012477
-0.0012406
-0.0012333
-0.0012260
-0.0012185
-0.0012109
-0.0012032
-0.0011953
-0.0011873
-0.0011792
-0.0011709
-0.0011626
-0.0011541
-0.0011454
-0.0011367
-0.0011278
-0.0011188
-0.0011097
-0.0011004
-0.0010910
-0.0010815
-0.0010719
-0.0010621
-0.0010523
-0.0010423
-0.0010321
-0.0010219
-0.0010115
-0.0010010
-0.0009904
-0.0009797
-0.0009688
-0.0009578
-0.0009467
-0.0009355
-0.0009242
-0.0009127
-0.0009011
-0.0008894
-0.0008776
-0.0008657
-0.0008536
-0.0008414
-0.0008291
-0.0008167
-0.0008042
-0.0007915
-0.0007788
-0.0007659
-0.0007529
-0.0007397
-0.0007265
-0.0007132
-0.0006997
-0.0006861
-0.0006724
-0.0006586
-0.0006447
-0.0006306
-0.0006165
-0.0006022
-0.0005878
-0.0005733
-0.0005587
-0.0005440
-0.0005291
-0.0005142
-0.0004991
-0.0004839
-0.0004686
-0.0004532
-0.0004377
-0.0004221
-0.0004064
-0.0003905
-0.0003746
-0.0003585
-0.0003423
-0.0003261
-0.0003097
-0.0002932
-0.0002766
-0.0002599
-0.0002430
-0.0002261
-0.0002091
-0.0001919
-0.0001747
-0.0001573
-0.0001399
-0.0001223
-0.0001046
-0.0000868
-0.0000690
-0.0000510
-0.0000329
-0.0000147
 0.0000036
 0.0000220
 0.0000405
 0.0000591
 0.0000778
 0.0000967
 0.0001156
 0.0001346
 0.0001537
 0.0001729
 0.0001923
 0.0002117
 0.0002312
 0.0002508
 0.0002705
 0.0002904
 0.0003103
 0.0003303
 0.0003504
 0.0003706
 0.0003910
 0.0004114
 0.0004319
 0.0004525
 0.0004732
 0.0004940
 0.0005149
 0.0005359
 0.0005570
 0.0005781
 0.0005994
 0.0006208
 0.0006423
 0.0006638
 0.0006855
 0.0007072
 0.0007291
 0.0007510
 0.0007730
 0.0007951
 0.0008174
 0.0008397
 0.0008620
 0.0008845
 0.0009071
 0.0009298
 0.0009525
 0.0009754
 0.0009983
 0.0010213
 0.0010444
 0.0010676
 0.0010909
 0.0011143
 0.0011378
 0.0011613
 0.0011850
 0.0012087
 0.0012325
 0.0012564
 0.0012804
 0.0013045
 0.0013286
 0.0013528
 0.0013772
 0.0014016
 0.0014261
 0.0014506
 0.0014753
 0.0015000
 0.0015249
 0.0015498
 0.0015748
 0.0015998
 0.0016250
 0.0016502
 0.0016755
 0.0017009
 0.0017264
 0.0017519
 0.0017776
 0.0018033
 0.0018291
 0.0018549
 0.0018809
 0.0019069
 0.0019330
 0.0019592
 0.0019854
 0.0020118
 0.0020382
 0.0020646
 0.0020912
 0.0021178
 0.0021445
 0.0021713
 0.0021982
 0.0022251
 0.0022521
 0.0022792
 0.0023063
 0.0023335
 0.0023608
 0.0023882
 0.0024156
 0.0024431
 0.0024707
 0.0024984
 0.0025261
 0.0025539
 0.0025817
 0.0026097
 0.0026377
 0.0026657
 0.0026938
 0.0027220
 0.0027503
 0.0027786
 0.0028070
 0.0028355
 0.0028640
 0.0028926
 0.0029213
 0.0029500
 0.0029788
 0.0030077
 0.0030366
 0.0030656
 0.0030946
 0.0031237
 0.0031529
 0.0031821
 0.0032114
 0.0032408
 0.0032702
 0.0032997
 0.0033292
 0.0033588
 0.0033885
 0.0034182
 0.0034480
 0.0034778
 0.0035077
 0.0035377
 0.0035677
 0.0035978
 0.0036279
 0.0036581
 0.0036883
 0.0037186
 0.0037489
 0.0037793
 0.0038098
 0.0038403
 0.0038709
 0.0039015
 0.0039322
 0.0039629
 0.0039937
 0.0040245
 0.0040554
 0.0040863
 0.0041173
 0.0041483
 0.0041794
 0.0042106
 0.0042417
 0.0042730
 0.0043043
 0.0043356
 0.0043670
 0.0043984
 0.0044299
 0.0044614
 0.0044930
 0.0045246
 0.0045563
 0.0045880
 0.0046197
 0.0046515
 0.0046833
 0.0047152
 0.0047472
 0.0047791
 0.0048112
 0.0048432
 0.0048753
 0.0049075
 0.0049396
 0.0049719
 0.0050041
 0.0050364
 0.0050688
 0.0051012
 0.0051336
 0.0051661
 0.0051986
 0.0052311
 0.0052637
 0.0052963
 0.0053289
 0.0053616
 0.0053944
 0.0054271
 0.0054599
 0.0054927
 0.0055256
 0.0055585
 0.0055914
 0.0056244
 0.0056574
 0.0056904
 0.0057235
 0.0057566
 0.0057897
 0.0058229
 0.0058561
 0.0058893
 0.0059226
 0.0059558
 0.0059891
 0.0060225
 0.0060559
 0.0060892
 0.0061227
 0.0061561
 0.0061896
 0.0062231
 0.0062566
 0.0062902
 0.0063238
 0.0063574
 0.0063910
 0.0064246
 0.0064583
 0.0064920
 0.0065257
 0.0065595
 0.0065933
 0.0066270
 0.0066608
 0.0066947
 0.0067285
 0.0067624
 0.0067963
 0.0068302
 0.0068641
 0.0068981
 0.0069320
 0.0069660
 0.0070000
 0.0070340
 0.0070681
 0.0071021
 0.0071362
 0.0071703
 0.0072044
 0.0072385
 0.0072726
 0.0073067
 0.0073409
 0.0073750
 0.0074092
 0.0074434
 0.0059441
